0.000000000000000000e+00 0.000000000000000000e+00
1.193333333333333357e+00 1.748315835999999956e+00
2.399999999999999911e+00 9.578546247466670494e+00
4.160000000000000142e+00 -2.136971973600000574e+00
1.069333333333333336e+01 -4.977590075733333208e+01
1.930000000000000071e+01 -1.110310920000000152e+02
2.396000000000000085e+01 -1.374619316160001290e+02
2.800000000000000000e+01 -1.559913307866667367e+02
3.200000000000000000e+01 -1.675482185386665321e+02
3.600000000000000000e+01 -1.812006132480000815e+02
4.000000000000000000e+01 -1.866214032000001453e+02
4.400000000000000000e+01 -1.935933205096000904e+02
4.800000000000000000e+01 -1.980485783347199913e+02
5.200000000000000000e+01 -1.994871993348000103e+02
5.600000000000000000e+01 -2.098889398218667566e+02
6.000000000000000000e+01 -2.052719051879999768e+02
6.400000000000000000e+01 -2.168070944972799907e+02
6.800000000000000000e+01 -2.192036408266667138e+02
7.200000000000000000e+01 -2.243029931642880115e+02
7.600000000000000000e+01 -2.229354313994666086e+02
8.000000000000000000e+01 -2.300724793600001021e+02
8.400000000000000000e+01 -2.292619753038720773e+02
8.800000000000000000e+01 -2.342332763845653005e+02
9.200000000000000000e+01 -2.379638421452374359e+02
9.600000000000000000e+01 -2.369587575705598681e+02
1.000000000000000000e+02 -2.476863578833332440e+02
1.040000000000000000e+02 -2.401348688981632620e+02
1.080000000000000000e+02 -2.462700281774399116e+02
1.120000000000000000e+02 -2.422511105411414292e+02
1.160000000000000000e+02 -2.350479844920026835e+02
1.200000000000000000e+02 -2.403297015023998426e+02
1.240000000000000000e+02 -2.219255641261603103e+02
1.280000000000000000e+02 -2.334837747193172959e+02
1.320000000000000000e+02 -2.220517349248438279e+02
1.360000000000000000e+02 -2.332626731061759813e+02
1.400000000000000000e+02 -2.219431994750227375e+02
1.440000000000000000e+02 -2.219919409981436900e+02
1.480000000000000000e+02 -2.357268468401282178e+02
1.520000000000000000e+02 -2.462605178689598233e+02
1.560000000000000000e+02 -2.302650736279919101e+02
1.600000000000000000e+02 -2.128911215616001584e+02
1.640000000000000000e+02 -1.969646720133973190e+02
1.680000000000000000e+02 -2.082161061261119244e+02
1.720000000000000000e+02 -2.174520829664664348e+02
1.760000000000000000e+02 -1.996910767315201554e+02
1.800000000000000000e+02 -2.015298184376339918e+02
1.840000000000000000e+02 -2.193744709860268074e+02
1.880000000000000000e+02 -1.866254752741333789e+02
1.920000000000000000e+02 -2.029744207503358950e+02
1.960000000000000000e+02 -2.047136036458985870e+02
