0.000000000000000000e+00 0.000000000000000000e+00 0.000000000000000000e+00
3.200000000000000178e+00 1.556091815233230646e-01 1.276286229491233881e-01
6.400000000000000355e+00 2.844043284654617088e-01 -7.773837298154831488e-02
9.599999999999999645e+00 2.914018979296087997e-01 4.319354832172394021e-01
1.280000000000000071e+01 2.475887589156627600e-01 6.616584151983261330e-01
1.600000000000000000e+01 5.834772295202128589e-01 1.799878310412168503e+00
1.919999999999999929e+01 3.808799296617507713e-01 2.803566527366638361e+00
2.239999999999999858e+01 -1.035988536849618002e+00 1.007365711033344269e+00
2.560000000000000142e+01 -8.953909873962402621e-02 2.675684356689453036e+00
2.880000000000000071e+01 -2.013668528571725069e+00 2.823549018055200754e+00
3.200000000000000000e+01 -8.772573736496269703e-01 2.146576065570116043e+00
3.520000000000000284e+01 -3.090395422652363888e-01 9.672533843666315523e-01
3.839999999999999858e+01 4.596207417547703011e-01 -1.332596433162689165e+00
4.160000000000000142e+01 -1.307911811210215047e+00 -1.433461249992251441e+00
4.479999999999999716e+01 -1.779566531442105859e+00 3.490592016372829676e+00
4.800000000000000000e+01 4.214197536930441856e-01 -3.015581108629703522e+00
5.120000000000000284e+01 2.641984939575195424e-01 -2.374407920837402486e+01
5.439999999999999858e+01 9.429375394247472286e-01 -1.398908812068402696e+01
5.760000000000000142e+01 6.206093434989452540e+00 -1.243534441636875343e+01
6.079999999999999716e+01 -3.816006125323474496e+00 -5.849865454435348333e+00
6.400000000000000000e+01 -5.439852923154830933e-01 2.463008873164653778e+00
6.720000000000000284e+01 -6.681318953633308064e-03 1.395284846238791898e+00
7.040000000000000568e+01 2.773232529312372296e+00 -1.314300815369933773e+01
7.359999999999999432e+01 7.088466367498040377e+00 -5.386803652904927908e+00
7.679999999999999716e+01 2.085732625052332700e+00 -1.141098468303680491e+01
8.000000000000000000e+01 -9.055173723027110100e-02 7.509050890803337097e+00
8.320000000000000284e+01 1.426422549039125354e+00 -1.910972889959812093e+01
8.640000000000000568e+01 -1.182518907036865130e+00 -4.925432125478982570e+00
8.959999999999999432e+01 8.698358036577701347e-01 4.314225294068455341e+00
9.279999999999999716e+01 -4.047736290469766018e+00 3.479228865425102413e+01
9.600000000000000000e+01 -2.337406184524297714e+00 -2.742928862571716309e+00
9.920000000000000284e+01 -2.533786478638648987e+01 2.926943822074681378e+01
1.024000000000000057e+02 -1.949763934612274241e+01 3.527069892883300639e+01
1.055999999999999943e+02 -5.063776285573839964e+00 -4.678433579206466852e+00
1.087999999999999972e+02 2.229560882970690727e+01 -1.875467188432812549e+01
1.120000000000000000e+02 2.157815226819366217e+01 -3.515865142457187176e+01
1.152000000000000028e+02 2.423940527737140727e+01 -6.132856729030608989e+01
1.184000000000000057e+02 2.460161335482262146e+01 -2.881188599076121903e+01
1.215999999999999943e+02 8.107670245785266516e+00 1.307215177267789796e+00
1.247999999999999972e+02 2.625933181028813124e+01 -6.928430703878402142e+01
1.280000000000000000e+02 -3.743366189301013947e+01 -4.284668266773223877e+00
1.311999999999999886e+02 -2.664950339219067388e+01 5.653286359272897243e+01
1.344000000000000057e+02 8.212440555542707799e+00 5.937144189029932306e+01
1.375999999999999943e+02 -2.063248388536739952e+01 -4.104075610823929310e+01
1.408000000000000114e+02 2.833791701495647519e+00 -5.888166575953364656e+01
1.440000000000000000e+02 1.892821281217038631e+01 -2.984305629506707191e+00
1.471999999999999886e+02 -2.415197181813418936e+01 3.348973050117492534e+01
1.504000000000000057e+02 -2.398586527928710055e+01 2.576574424542486597e+01
1.535999999999999943e+02 -5.830402364730834819e+01 1.119086814880371037e+02
1.568000000000000114e+02 -5.414238426276715188e+01 1.489556277766823769e+02
